2.160156249999999750e-02 3.387109375000000311e-01 3.000390625000000089e-01
1.994921875000000011e-01 3.387109375000000311e-01 3.000390625000000089e-01
2.160156249999999750e-02 9.033203125000000000e-01 3.000390625000000089e-01
2.160156249999999750e-02 3.387109375000000311e-01 6.790234375000000488e-01
1.994921875000000011e-01 9.033203125000000000e-01 6.790234375000000488e-01
5.166015625000000000e-01 8.337109375000000266e-01 7.950390625000000044e-01
6.944921874999999689e-01 8.337109375000000266e-01 7.950390625000000044e-01
5.166015625000000000e-01 4.083203125000000044e-01 7.950390625000000044e-01
5.166015625000000000e-01 8.337109375000000266e-01 1.840234374999999978e-01
6.944921874999999689e-01 4.083203125000000044e-01 1.840234374999999978e-01
7.641015625000000533e-01 9.121093749999999167e-02 5.253906250000000416e-02
4.469921875000000266e-01 9.121093749999999167e-02 5.253906250000000416e-02
7.641015625000000533e-01 1.608203125000000067e-01 5.253906250000000416e-02
7.641015625000000533e-01 9.121093749999999167e-02 4.315234374999999956e-01
4.469921875000000266e-01 1.608203125000000067e-01 4.315234374999999956e-01
2.691015625000000022e-01 5.862109374999999734e-01 5.475390624999999512e-01
9.419921875000000222e-01 5.862109374999999734e-01 5.475390624999999512e-01
2.691015625000000022e-01 6.558203125000000577e-01 5.475390624999999512e-01
2.691015625000000022e-01 5.862109374999999734e-01 9.265234374999999911e-01
9.419921875000000222e-01 6.558203125000000577e-01 9.265234374999999911e-01
3.928515625000000289e-01 2.149609375000000044e-01 9.187890625000000311e-01
8.182421874999999956e-01 2.149609375000000044e-01 9.187890625000000311e-01
3.928515625000000289e-01 5.320703125000000311e-01 9.187890625000000311e-01
3.928515625000000289e-01 2.149609375000000044e-01 5.552734375000000222e-01
8.182421874999999956e-01 5.320703125000000311e-01 5.552734375000000222e-01
8.878515624999999689e-01 7.099609375000000000e-01 4.237890624999999800e-01
3.232421875000000000e-01 7.099609375000000000e-01 4.237890624999999800e-01
8.878515624999999689e-01 3.707031250000000083e-02 4.237890624999999800e-01
8.878515624999999689e-01 7.099609375000000000e-01 6.027343749999999889e-02
3.232421875000000000e-01 3.707031250000000083e-02 6.027343749999999889e-02
6.403515625000000266e-01 4.624609375000000022e-01 6.712890624999999778e-01
5.707421875000000533e-01 4.624609375000000022e-01 6.712890624999999778e-01
6.403515625000000266e-01 2.845703125000000333e-01 6.712890624999999778e-01
6.403515625000000266e-01 4.624609375000000022e-01 3.077734375000000244e-01
5.707421875000000533e-01 2.845703125000000333e-01 3.077734375000000244e-01
1.453515625000000033e-01 9.574609375000000533e-01 1.762890625000000100e-01
7.574218749999998834e-02 9.574609375000000533e-01 1.762890625000000100e-01
1.453515625000000033e-01 7.795703124999999734e-01 1.762890625000000100e-01
1.453515625000000033e-01 9.574609375000000533e-01 8.027734374999999645e-01
7.574218749999998834e-02 7.795703124999999734e-01 8.027734374999999645e-01
2.072265625000000167e-01 2.933593749999999917e-02 7.331640624999999911e-01
2.613671874999999867e-01 2.933593749999999917e-02 7.331640624999999911e-01
2.072265625000000167e-01 4.701953125000000178e-01 7.331640624999999911e-01
2.072265625000000167e-01 2.933593749999999917e-02 9.883984375000000044e-01
2.613671874999999867e-01 4.701953125000000178e-01 9.883984375000000044e-01
7.022265625000000400e-01 5.243359374999999600e-01 2.381640624999999956e-01
7.563671874999999822e-01 5.243359374999999600e-01 2.381640624999999956e-01
7.022265625000000400e-01 9.651953125000000133e-01 2.381640624999999956e-01
7.022265625000000400e-01 5.243359374999999600e-01 4.933984375000000089e-01
7.563671874999999822e-01 9.651953125000000133e-01 4.933984375000000089e-01
9.497265624999999822e-01 2.768359375000000178e-01 9.806640625000000444e-01
1.386718749999999931e-02 2.768359375000000178e-01 9.806640625000000444e-01
9.497265624999999822e-01 7.176953124999999600e-01 9.806640625000000444e-01
9.497265624999999822e-01 2.768359375000000178e-01 2.458984375000000111e-01
1.386718749999999931e-02 7.176953124999999600e-01 2.458984375000000111e-01
4.547265624999999867e-01 7.718359375000000133e-01 4.856640624999999933e-01
5.088671874999999289e-01 7.718359375000000133e-01 4.856640624999999933e-01
4.547265624999999867e-01 2.226953125000000200e-01 4.856640624999999933e-01
4.547265624999999867e-01 7.718359375000000133e-01 7.408984374999999512e-01
5.088671874999999289e-01 2.226953125000000200e-01 7.408984374999999512e-01
3.309765625000000155e-01 4.005859374999999889e-01 1.144140624999999967e-01
6.326171874999999556e-01 4.005859374999999889e-01 1.144140624999999967e-01
3.309765625000000155e-01 9.894531249999999334e-02 1.144140624999999967e-01
3.309765625000000155e-01 4.005859374999999889e-01 8.646484374999999778e-01
6.326171874999999556e-01 9.894531249999999334e-02 8.646484374999999778e-01
8.259765624999999556e-01 8.955859375000000400e-01 6.094140624999999645e-01
1.376171875000000155e-01 8.955859375000000400e-01 6.094140624999999645e-01
8.259765624999999556e-01 5.939453125000000444e-01 6.094140624999999645e-01
8.259765624999999556e-01 8.955859375000000400e-01 3.696484374999999822e-01
1.376171875000000155e-01 5.939453125000000444e-01 3.696484374999999822e-01
5.784765625000000133e-01 1.530859375000000189e-01 3.619140625000000222e-01
8.801171875000000089e-01 1.530859375000000189e-01 3.619140625000000222e-01
5.784765625000000133e-01 8.414453124999999867e-01 3.619140625000000222e-01
5.784765625000000133e-01 1.530859375000000189e-01 1.221484374999999983e-01
8.801171875000000089e-01 8.414453124999999867e-01 1.221484374999999983e-01
8.347656249999999001e-02 6.480859374999999867e-01 8.569140625000000178e-01
3.851171875000000133e-01 6.480859374999999867e-01 8.569140625000000178e-01
8.347656249999999001e-02 3.464453124999999911e-01 8.569140625000000178e-01
8.347656249999999001e-02 6.480859374999999867e-01 6.171484375000000355e-01
3.851171875000000133e-01 3.464453124999999911e-01 6.171484375000000355e-01
1.144140624999999967e-01 1.840234374999999978e-01 2.072265625000000167e-01
6.016796875000000044e-01 1.840234374999999978e-01 2.072265625000000167e-01
1.144140624999999967e-01 6.867578125000000089e-01 2.072265625000000167e-01
1.144140624999999967e-01 1.840234374999999978e-01 3.387109375000000311e-01
6.016796875000000044e-01 6.867578125000000089e-01 3.387109375000000311e-01
6.094140624999999645e-01 6.790234375000000488e-01 7.022265625000000400e-01
1.066796874999999950e-01 6.790234375000000488e-01 7.022265625000000400e-01
6.094140624999999645e-01 1.917578125000000133e-01 7.022265625000000400e-01
6.094140624999999645e-01 6.790234375000000488e-01 8.337109375000000266e-01
1.066796874999999950e-01 1.917578125000000133e-01 8.337109375000000266e-01
8.569140625000000178e-01 4.315234374999999956e-01 4.547265624999999867e-01
8.491796874999999467e-01 4.315234374999999956e-01 4.547265624999999867e-01
8.569140625000000178e-01 4.392578125000000111e-01 4.547265624999999867e-01
8.569140625000000178e-01 4.315234374999999956e-01 5.862109374999999734e-01
8.491796874999999467e-01 4.392578125000000111e-01 5.862109374999999734e-01
3.619140625000000222e-01 9.265234374999999911e-01 9.497265624999999822e-01
3.541796875000000067e-01 9.265234374999999911e-01 9.497265624999999822e-01
3.619140625000000222e-01 9.342578124999999512e-01 9.497265624999999822e-01
3.619140625000000222e-01 9.265234374999999911e-01 9.121093749999999167e-02
3.541796875000000067e-01 9.342578124999999512e-01 9.121093749999999167e-02
4.856640624999999933e-01 3.077734375000000244e-01 5.784765625000000133e-01
4.779296874999999778e-01 3.077734375000000244e-01 5.784765625000000133e-01
4.856640624999999933e-01 8.105078125000000355e-01 5.784765625000000133e-01
4.856640624999999933e-01 3.077734375000000244e-01 4.624609375000000022e-01
4.779296874999999778e-01 8.105078125000000355e-01 4.624609375000000022e-01
9.806640625000000444e-01 8.027734374999999645e-01 8.347656249999999001e-02
9.729296874999999734e-01 8.027734374999999645e-01 8.347656249999999001e-02
9.806640625000000444e-01 3.155078124999999845e-01 8.347656249999999001e-02
9.806640625000000444e-01 8.027734374999999645e-01 9.574609375000000533e-01
9.729296874999999734e-01 3.155078124999999845e-01 9.574609375000000533e-01
7.331640624999999911e-01 6.027343749999999889e-02 8.259765624999999556e-01
2.304296875000000078e-01 6.027343749999999889e-02 8.259765624999999556e-01
7.331640624999999911e-01 6.800781250000000056e-02 8.259765624999999556e-01
7.331640624999999911e-01 6.027343749999999889e-02 7.099609375000000000e-01
2.304296875000000078e-01 6.800781250000000056e-02 7.099609375000000000e-01
2.381640624999999956e-01 5.552734375000000222e-01 3.309765625000000155e-01
7.254296875000000311e-01 5.552734375000000222e-01 3.309765625000000155e-01
2.381640624999999956e-01 5.630078124999999822e-01 3.309765625000000155e-01
2.381640624999999956e-01 5.552734375000000222e-01 2.149609375000000044e-01
7.254296875000000311e-01 5.630078124999999822e-01 2.149609375000000044e-01
1.762890625000000100e-01 4.933984375000000089e-01 7.641015625000000533e-01
9.110546874999999600e-01 4.933984375000000089e-01 7.641015625000000533e-01
1.762890625000000100e-01 2.536328124999999711e-01 7.641015625000000533e-01
1.762890625000000100e-01 4.933984375000000089e-01 2.933593749999999917e-02
9.110546874999999600e-01 2.536328124999999711e-01 2.933593749999999917e-02
6.712890624999999778e-01 9.883984375000000044e-01 2.691015625000000022e-01
4.160546875000000200e-01 9.883984375000000044e-01 2.691015625000000022e-01
6.712890624999999778e-01 7.486328125000000222e-01 2.691015625000000022e-01
6.712890624999999778e-01 9.883984375000000044e-01 5.243359374999999600e-01
4.160546875000000200e-01 7.486328125000000222e-01 5.243359374999999600e-01
9.187890625000000311e-01 2.458984375000000111e-01 5.166015625000000000e-01
6.635546875000000178e-01 2.458984375000000111e-01 5.166015625000000000e-01
9.187890625000000311e-01 9.961328124999999645e-01 5.166015625000000000e-01
9.187890625000000311e-01 2.458984375000000111e-01 7.718359375000000133e-01
6.635546875000000178e-01 9.961328124999999645e-01 7.718359375000000133e-01
4.237890624999999800e-01 7.408984374999999512e-01 2.160156249999999750e-02
1.685546874999999944e-01 7.408984374999999512e-01 2.160156249999999750e-02
4.237890624999999800e-01 5.011328124999999689e-01 2.160156249999999750e-02
4.237890624999999800e-01 7.408984374999999512e-01 2.768359375000000178e-01
1.685546874999999944e-01 5.011328124999999689e-01 2.768359375000000178e-01
3.000390625000000089e-01 1.221484374999999983e-01 3.928515625000000289e-01
4.480468750000000250e-02 1.221484374999999983e-01 3.928515625000000289e-01
3.000390625000000089e-01 3.773828124999999978e-01 3.928515625000000289e-01
3.000390625000000089e-01 1.221484374999999983e-01 1.530859375000000189e-01
4.480468750000000250e-02 3.773828124999999978e-01 1.530859375000000189e-01
7.950390625000000044e-01 6.171484375000000355e-01 8.878515624999999689e-01
5.398046874999999911e-01 6.171484375000000355e-01 8.878515624999999689e-01
7.950390625000000044e-01 8.723828125000000488e-01 8.878515624999999689e-01
7.950390625000000044e-01 6.171484375000000355e-01 6.480859374999999867e-01
5.398046874999999911e-01 8.723828125000000488e-01 6.480859374999999867e-01
5.475390624999999512e-01 3.696484374999999822e-01 1.453515625000000033e-01
2.923046874999999933e-01 3.696484374999999822e-01 1.453515625000000033e-01
5.475390624999999512e-01 6.248828124999999956e-01 1.453515625000000033e-01
5.475390624999999512e-01 3.696484374999999822e-01 8.955859375000000400e-01
2.923046874999999933e-01 6.248828124999999956e-01 8.955859375000000400e-01
5.253906250000000416e-02 8.646484374999999778e-01 6.403515625000000266e-01
7.873046875000000444e-01 8.646484374999999778e-01 6.403515625000000266e-01
5.253906250000000416e-02 1.298828125000000000e-01 6.403515625000000266e-01
5.253906250000000416e-02 8.646484374999999778e-01 4.005859374999999889e-01
7.873046875000000444e-01 1.298828125000000000e-01 4.005859374999999889e-01
6.800781250000000056e-02 7.574218749999998834e-02 9.961328124999999645e-01
7.408984374999999512e-01 7.574218749999998834e-02 9.961328124999999645e-01
6.800781250000000056e-02 7.641015625000000533e-01 9.961328124999999645e-01
6.800781250000000056e-02 7.574218749999998834e-02 2.613671874999999867e-01
7.408984374999999512e-01 7.641015625000000533e-01 2.613671874999999867e-01
5.630078124999999822e-01 5.707421875000000533e-01 5.011328124999999689e-01
2.458984375000000111e-01 5.707421875000000533e-01 5.011328124999999689e-01
5.630078124999999822e-01 2.691015625000000022e-01 5.011328124999999689e-01
5.630078124999999822e-01 5.707421875000000533e-01 7.563671874999999822e-01
2.458984375000000111e-01 2.691015625000000022e-01 7.563671874999999822e-01
8.105078125000000355e-01 3.232421875000000000e-01 7.486328125000000222e-01
9.883984375000000044e-01 3.232421875000000000e-01 7.486328125000000222e-01
8.105078125000000355e-01 2.160156249999999750e-02 7.486328125000000222e-01
8.105078125000000355e-01 3.232421875000000000e-01 5.088671874999999289e-01
9.883984375000000044e-01 2.160156249999999750e-02 5.088671874999999289e-01
3.155078124999999845e-01 8.182421874999999956e-01 2.536328124999999711e-01
4.933984375000000089e-01 8.182421874999999956e-01 2.536328124999999711e-01
3.155078124999999845e-01 5.166015625000000000e-01 2.536328124999999711e-01
3.155078124999999845e-01 8.182421874999999956e-01 1.386718749999999931e-02
4.933984375000000089e-01 5.166015625000000000e-01 1.386718749999999931e-02
4.392578125000000111e-01 4.469921875000000266e-01 3.773828124999999978e-01
3.696484374999999822e-01 4.469921875000000266e-01 3.773828124999999978e-01
4.392578125000000111e-01 6.403515625000000266e-01 3.773828124999999978e-01
4.392578125000000111e-01 4.469921875000000266e-01 3.851171875000000133e-01
3.696484374999999822e-01 6.403515625000000266e-01 3.851171875000000133e-01
9.342578124999999512e-01 9.419921875000000222e-01 8.723828125000000488e-01
8.646484374999999778e-01 9.419921875000000222e-01 8.723828125000000488e-01
9.342578124999999512e-01 1.453515625000000033e-01 8.723828125000000488e-01
9.342578124999999512e-01 9.419921875000000222e-01 8.801171875000000089e-01
8.646484374999999778e-01 1.453515625000000033e-01 8.801171875000000089e-01
6.867578125000000089e-01 1.994921875000000011e-01 1.298828125000000000e-01
1.221484374999999983e-01 1.994921875000000011e-01 1.298828125000000000e-01
6.867578125000000089e-01 3.928515625000000289e-01 1.298828125000000000e-01
6.867578125000000089e-01 1.994921875000000011e-01 6.326171874999999556e-01
1.221484374999999983e-01 3.928515625000000289e-01 6.326171874999999556e-01
1.917578125000000133e-01 6.944921874999999689e-01 6.248828124999999956e-01
6.171484375000000355e-01 6.944921874999999689e-01 6.248828124999999956e-01
1.917578125000000133e-01 8.878515624999999689e-01 6.248828124999999956e-01
1.917578125000000133e-01 6.944921874999999689e-01 1.376171875000000155e-01
6.171484375000000355e-01 8.878515624999999689e-01 1.376171875000000155e-01
2.536328124999999711e-01 2.613671874999999867e-01 6.800781250000000056e-02
8.027734374999999645e-01 2.613671874999999867e-01 6.800781250000000056e-02
2.536328124999999711e-01 3.309765625000000155e-01 6.800781250000000056e-02
2.536328124999999711e-01 2.613671874999999867e-01 7.574218749999998834e-02
8.027734374999999645e-01 3.309765625000000155e-01 7.574218749999998834e-02
7.486328125000000222e-01 7.563671874999999822e-01 5.630078124999999822e-01
3.077734375000000244e-01 7.563671874999999822e-01 5.630078124999999822e-01
7.486328125000000222e-01 8.259765624999999556e-01 5.630078124999999822e-01
7.486328125000000222e-01 7.563671874999999822e-01 5.707421875000000533e-01
3.077734375000000244e-01 8.259765624999999556e-01 5.707421875000000533e-01
9.961328124999999645e-01 1.386718749999999931e-02 3.155078124999999845e-01
5.552734375000000222e-01 1.386718749999999931e-02 3.155078124999999845e-01
9.961328124999999645e-01 5.784765625000000133e-01 3.155078124999999845e-01
9.961328124999999645e-01 1.386718749999999931e-02 8.182421874999999956e-01
5.552734375000000222e-01 5.784765625000000133e-01 8.182421874999999956e-01
5.011328124999999689e-01 5.088671874999999289e-01 8.105078125000000355e-01
6.027343749999999889e-02 5.088671874999999289e-01 8.105078125000000355e-01
5.011328124999999689e-01 8.347656249999999001e-02 8.105078125000000355e-01
5.011328124999999689e-01 5.088671874999999289e-01 3.232421875000000000e-01
6.027343749999999889e-02 8.347656249999999001e-02 3.232421875000000000e-01
3.773828124999999978e-01 1.376171875000000155e-01 6.867578125000000089e-01
1.840234374999999978e-01 1.376171875000000155e-01 6.867578125000000089e-01
3.773828124999999978e-01 2.072265625000000167e-01 6.867578125000000089e-01
3.773828124999999978e-01 1.376171875000000155e-01 1.994921875000000011e-01
1.840234374999999978e-01 2.072265625000000167e-01 1.994921875000000011e-01
8.723828125000000488e-01 6.326171874999999556e-01 1.917578125000000133e-01
6.790234375000000488e-01 6.326171874999999556e-01 1.917578125000000133e-01
8.723828125000000488e-01 7.022265625000000400e-01 1.917578125000000133e-01
8.723828125000000488e-01 6.326171874999999556e-01 6.944921874999999689e-01
6.790234375000000488e-01 7.022265625000000400e-01 6.944921874999999689e-01
6.248828124999999956e-01 3.851171875000000133e-01 9.342578124999999512e-01
4.315234374999999956e-01 3.851171875000000133e-01 9.342578124999999512e-01
6.248828124999999956e-01 9.497265624999999822e-01 9.342578124999999512e-01
6.248828124999999956e-01 3.851171875000000133e-01 9.419921875000000222e-01
4.315234374999999956e-01 9.497265624999999822e-01 9.419921875000000222e-01
1.298828125000000000e-01 8.801171875000000089e-01 4.392578125000000111e-01
9.265234374999999911e-01 8.801171875000000089e-01 4.392578125000000111e-01
1.298828125000000000e-01 4.547265624999999867e-01 4.392578125000000111e-01
1.298828125000000000e-01 8.801171875000000089e-01 4.469921875000000266e-01
9.265234374999999911e-01 4.547265624999999867e-01 4.469921875000000266e-01
9.894531249999999334e-02 4.160546875000000200e-01 5.320703125000000311e-01
9.121093749999999167e-02 4.160546875000000200e-01 5.320703125000000311e-01
9.894531249999999334e-02 5.475390624999999512e-01 5.320703125000000311e-01
9.894531249999999334e-02 4.160546875000000200e-01 7.254296875000000311e-01
9.121093749999999167e-02 5.475390624999999512e-01 7.254296875000000311e-01
5.939453125000000444e-01 9.110546874999999600e-01 3.707031250000000083e-02
5.862109374999999734e-01 9.110546874999999600e-01 3.707031250000000083e-02
5.939453125000000444e-01 5.253906250000000416e-02 3.707031250000000083e-02
5.939453125000000444e-01 9.110546874999999600e-01 2.304296875000000078e-01
5.862109374999999734e-01 5.253906250000000416e-02 2.304296875000000078e-01
8.414453124999999867e-01 1.685546874999999944e-01 7.795703124999999734e-01
3.387109375000000311e-01 1.685546874999999944e-01 7.795703124999999734e-01
8.414453124999999867e-01 3.000390625000000089e-01 7.795703124999999734e-01
8.414453124999999867e-01 1.685546874999999944e-01 4.779296874999999778e-01
3.387109375000000311e-01 3.000390625000000089e-01 4.779296874999999778e-01
3.464453124999999911e-01 6.635546875000000178e-01 2.845703125000000333e-01
8.337109375000000266e-01 6.635546875000000178e-01 2.845703125000000333e-01
3.464453124999999911e-01 7.950390625000000044e-01 2.845703125000000333e-01
3.464453124999999911e-01 6.635546875000000178e-01 9.729296874999999734e-01
8.337109375000000266e-01 7.950390625000000044e-01 9.729296874999999734e-01
4.701953125000000178e-01 4.480468750000000250e-02 1.608203125000000067e-01
9.574609375000000533e-01 4.480468750000000250e-02 1.608203125000000067e-01
4.701953125000000178e-01 9.187890625000000311e-01 1.608203125000000067e-01
4.701953125000000178e-01 4.480468750000000250e-02 6.016796875000000044e-01
9.574609375000000533e-01 9.187890625000000311e-01 6.016796875000000044e-01
9.651953125000000133e-01 5.398046874999999911e-01 6.558203125000000577e-01
4.624609375000000022e-01 5.398046874999999911e-01 6.558203125000000577e-01
9.651953125000000133e-01 4.237890624999999800e-01 6.558203125000000577e-01
9.651953125000000133e-01 5.398046874999999911e-01 1.066796874999999950e-01
4.624609375000000022e-01 4.237890624999999800e-01 1.066796874999999950e-01
7.176953124999999600e-01 2.923046874999999933e-01 4.083203125000000044e-01
7.099609375000000000e-01 2.923046874999999933e-01 4.083203125000000044e-01
7.176953124999999600e-01 1.762890625000000100e-01 4.083203125000000044e-01
7.176953124999999600e-01 2.923046874999999933e-01 3.541796875000000067e-01
7.099609375000000000e-01 1.762890625000000100e-01 3.541796875000000067e-01
2.226953125000000200e-01 7.873046875000000444e-01 9.033203125000000000e-01
2.149609375000000044e-01 7.873046875000000444e-01 9.033203125000000000e-01
2.226953125000000200e-01 6.712890624999999778e-01 9.033203125000000000e-01
2.226953125000000200e-01 7.873046875000000444e-01 8.491796874999999467e-01
2.149609375000000044e-01 6.712890624999999778e-01 8.491796874999999467e-01
1.608203125000000067e-01 2.304296875000000078e-01 4.701953125000000178e-01
4.005859374999999889e-01 2.304296875000000078e-01 4.701953125000000178e-01
1.608203125000000067e-01 1.144140624999999967e-01 4.701953125000000178e-01
1.608203125000000067e-01 2.304296875000000078e-01 9.110546874999999600e-01
4.005859374999999889e-01 1.144140624999999967e-01 9.110546874999999600e-01
6.558203125000000577e-01 7.254296875000000311e-01 9.651953125000000133e-01
8.955859375000000400e-01 7.254296875000000311e-01 9.651953125000000133e-01
6.558203125000000577e-01 6.094140624999999645e-01 9.651953125000000133e-01
6.558203125000000577e-01 7.254296875000000311e-01 4.160546875000000200e-01
8.955859375000000400e-01 6.094140624999999645e-01 4.160546875000000200e-01
9.033203125000000000e-01 4.779296874999999778e-01 2.226953125000000200e-01
1.530859375000000189e-01 4.779296874999999778e-01 2.226953125000000200e-01
9.033203125000000000e-01 8.569140625000000178e-01 2.226953125000000200e-01
9.033203125000000000e-01 4.779296874999999778e-01 1.685546874999999944e-01
1.530859375000000189e-01 8.569140625000000178e-01 1.685546874999999944e-01
4.083203125000000044e-01 9.729296874999999734e-01 7.176953124999999600e-01
6.480859374999999867e-01 9.729296874999999734e-01 7.176953124999999600e-01
4.083203125000000044e-01 3.619140625000000222e-01 7.176953124999999600e-01
4.083203125000000044e-01 9.729296874999999734e-01 6.635546875000000178e-01
6.480859374999999867e-01 3.619140625000000222e-01 6.635546875000000178e-01
2.845703125000000333e-01 3.541796875000000067e-01 8.414453124999999867e-01
5.243359374999999600e-01 3.541796875000000067e-01 8.414453124999999867e-01
2.845703125000000333e-01 4.856640624999999933e-01 8.414453124999999867e-01
2.845703125000000333e-01 3.541796875000000067e-01 7.873046875000000444e-01
5.243359374999999600e-01 4.856640624999999933e-01 7.873046875000000444e-01
7.795703124999999734e-01 8.491796874999999467e-01 3.464453124999999911e-01
2.933593749999999917e-02 8.491796874999999467e-01 3.464453124999999911e-01
7.795703124999999734e-01 9.806640625000000444e-01 3.464453124999999911e-01
7.795703124999999734e-01 8.491796874999999467e-01 2.923046874999999933e-01
2.933593749999999917e-02 9.806640625000000444e-01 2.923046874999999933e-01
5.320703125000000311e-01 1.066796874999999950e-01 5.939453125000000444e-01
7.718359375000000133e-01 1.066796874999999950e-01 5.939453125000000444e-01
5.320703125000000311e-01 7.331640624999999911e-01 5.939453125000000444e-01
5.320703125000000311e-01 1.066796874999999950e-01 4.480468750000000250e-02
7.718359375000000133e-01 7.331640624999999911e-01 4.480468750000000250e-02
3.707031250000000083e-02 6.016796875000000044e-01 9.894531249999999334e-02
2.768359375000000178e-01 6.016796875000000044e-01 9.894531249999999334e-02
3.707031250000000083e-02 2.381640624999999956e-01 9.894531249999999334e-02
3.707031250000000083e-02 6.016796875000000044e-01 5.398046874999999911e-01
2.768359375000000178e-01 2.381640624999999956e-01 5.398046874999999911e-01
2.933593749999999917e-02 2.072265625000000167e-01 6.016796875000000044e-01
9.033203125000000000e-01 2.072265625000000167e-01 6.016796875000000044e-01
2.933593749999999917e-02 2.613671874999999867e-01 6.016796875000000044e-01
2.933593749999999917e-02 2.072265625000000167e-01 8.723828125000000488e-01
9.033203125000000000e-01 2.613671874999999867e-01 8.723828125000000488e-01
5.243359374999999600e-01 7.022265625000000400e-01 1.066796874999999950e-01
4.083203125000000044e-01 7.022265625000000400e-01 1.066796874999999950e-01
5.243359374999999600e-01 7.563671874999999822e-01 1.066796874999999950e-01
5.243359374999999600e-01 7.022265625000000400e-01 3.773828124999999978e-01
4.083203125000000044e-01 7.563671874999999822e-01 3.773828124999999978e-01
7.718359375000000133e-01 4.547265624999999867e-01 8.491796874999999467e-01
6.558203125000000577e-01 4.547265624999999867e-01 8.491796874999999467e-01
7.718359375000000133e-01 5.088671874999999289e-01 8.491796874999999467e-01
7.718359375000000133e-01 4.547265624999999867e-01 1.298828125000000000e-01
6.558203125000000577e-01 5.088671874999999289e-01 1.298828125000000000e-01
2.768359375000000178e-01 9.497265624999999822e-01 3.541796875000000067e-01
1.608203125000000067e-01 9.497265624999999822e-01 3.541796875000000067e-01
2.768359375000000178e-01 1.386718749999999931e-02 3.541796875000000067e-01
2.768359375000000178e-01 9.497265624999999822e-01 6.248828124999999956e-01
1.608203125000000067e-01 1.386718749999999931e-02 6.248828124999999956e-01
4.005859374999999889e-01 3.309765625000000155e-01 2.304296875000000078e-01
3.707031250000000083e-02 3.309765625000000155e-01 2.304296875000000078e-01
4.005859374999999889e-01 1.376171875000000155e-01 2.304296875000000078e-01
4.005859374999999889e-01 3.309765625000000155e-01 9.961328124999999645e-01
3.707031250000000083e-02 1.376171875000000155e-01 9.961328124999999645e-01
8.955859375000000400e-01 8.259765624999999556e-01 7.254296875000000311e-01
5.320703125000000311e-01 8.259765624999999556e-01 7.254296875000000311e-01
8.955859375000000400e-01 6.326171874999999556e-01 7.254296875000000311e-01
8.955859375000000400e-01 8.259765624999999556e-01 5.011328124999999689e-01
5.320703125000000311e-01 6.326171874999999556e-01 5.011328124999999689e-01
6.480859374999999867e-01 8.347656249999999001e-02 4.779296874999999778e-01
2.845703125000000333e-01 8.347656249999999001e-02 4.779296874999999778e-01
6.480859374999999867e-01 8.801171875000000089e-01 4.779296874999999778e-01
6.480859374999999867e-01 8.347656249999999001e-02 2.536328124999999711e-01
2.845703125000000333e-01 8.801171875000000089e-01 2.536328124999999711e-01
1.530859375000000189e-01 5.784765625000000133e-01 9.729296874999999734e-01
7.795703124999999734e-01 5.784765625000000133e-01 9.729296874999999734e-01
1.530859375000000189e-01 3.851171875000000133e-01 9.729296874999999734e-01
1.530859375000000189e-01 5.784765625000000133e-01 7.486328125000000222e-01
7.795703124999999734e-01 3.851171875000000133e-01 7.486328125000000222e-01
2.149609375000000044e-01 3.928515625000000289e-01 4.160546875000000200e-01
5.939453125000000444e-01 3.928515625000000289e-01 4.160546875000000200e-01
2.149609375000000044e-01 8.182421874999999956e-01 4.160546875000000200e-01
2.149609375000000044e-01 3.928515625000000289e-01 5.630078124999999822e-01
5.939453125000000444e-01 8.182421874999999956e-01 5.630078124999999822e-01
7.099609375000000000e-01 8.878515624999999689e-01 9.110546874999999600e-01
9.894531249999999334e-02 8.878515624999999689e-01 9.110546874999999600e-01
7.099609375000000000e-01 3.232421875000000000e-01 9.110546874999999600e-01
7.099609375000000000e-01 8.878515624999999689e-01 6.800781250000000056e-02
9.894531249999999334e-02 3.232421875000000000e-01 6.800781250000000056e-02
9.574609375000000533e-01 1.453515625000000033e-01 1.685546874999999944e-01
8.414453124999999867e-01 1.453515625000000033e-01 1.685546874999999944e-01
9.574609375000000533e-01 7.574218749999998834e-02 1.685546874999999944e-01
9.574609375000000533e-01 1.453515625000000033e-01 3.155078124999999845e-01
8.414453124999999867e-01 7.574218749999998834e-02 3.155078124999999845e-01
4.624609375000000022e-01 6.403515625000000266e-01 6.635546875000000178e-01
3.464453124999999911e-01 6.403515625000000266e-01 6.635546875000000178e-01
4.624609375000000022e-01 5.707421875000000533e-01 6.635546875000000178e-01
4.624609375000000022e-01 6.403515625000000266e-01 8.105078125000000355e-01
3.464453124999999911e-01 5.707421875000000533e-01 8.105078125000000355e-01
3.387109375000000311e-01 2.160156249999999750e-02 7.873046875000000444e-01
4.701953125000000178e-01 2.160156249999999750e-02 7.873046875000000444e-01
3.387109375000000311e-01 6.944921874999999689e-01 7.873046875000000444e-01
3.387109375000000311e-01 2.160156249999999750e-02 6.867578125000000089e-01
4.701953125000000178e-01 6.944921874999999689e-01 6.867578125000000089e-01
8.337109375000000266e-01 5.166015625000000000e-01 2.923046874999999933e-01
9.651953125000000133e-01 5.166015625000000000e-01 2.923046874999999933e-01
8.337109375000000266e-01 1.994921875000000011e-01 2.923046874999999933e-01
8.337109375000000266e-01 5.166015625000000000e-01 1.917578125000000133e-01
9.651953125000000133e-01 1.994921875000000011e-01 1.917578125000000133e-01
5.862109374999999734e-01 2.691015625000000022e-01 5.398046874999999911e-01
2.226953125000000200e-01 2.691015625000000022e-01 5.398046874999999911e-01
5.862109374999999734e-01 4.469921875000000266e-01 5.398046874999999911e-01
5.862109374999999734e-01 2.691015625000000022e-01 4.392578125000000111e-01
2.226953125000000200e-01 4.469921875000000266e-01 4.392578125000000111e-01
9.121093749999999167e-02 7.641015625000000533e-01 4.480468750000000250e-02
7.176953124999999600e-01 7.641015625000000533e-01 4.480468750000000250e-02
9.121093749999999167e-02 9.419921875000000222e-01 4.480468750000000250e-02
9.121093749999999167e-02 7.641015625000000533e-01 9.342578124999999512e-01
7.176953124999999600e-01 9.419921875000000222e-01 9.342578124999999512e-01
1.221484374999999983e-01 3.000390625000000089e-01 8.801171875000000089e-01
3.155078124999999845e-01 3.000390625000000089e-01 8.801171875000000089e-01
1.221484374999999983e-01 4.480468750000000250e-02 8.801171875000000089e-01
1.221484374999999983e-01 3.000390625000000089e-01 1.608203125000000067e-01
3.155078124999999845e-01 4.480468750000000250e-02 1.608203125000000067e-01
6.171484375000000355e-01 7.950390625000000044e-01 3.851171875000000133e-01
8.105078125000000355e-01 7.950390625000000044e-01 3.851171875000000133e-01
6.171484375000000355e-01 5.398046874999999911e-01 3.851171875000000133e-01
6.171484375000000355e-01 7.950390625000000044e-01 6.558203125000000577e-01
8.105078125000000355e-01 5.398046874999999911e-01 6.558203125000000577e-01
8.646484374999999778e-01 5.253906250000000416e-02 6.326171874999999556e-01
6.800781250000000056e-02 5.253906250000000416e-02 6.326171874999999556e-01
8.646484374999999778e-01 7.873046875000000444e-01 6.326171874999999556e-01
8.646484374999999778e-01 5.253906250000000416e-02 9.033203125000000000e-01
6.800781250000000056e-02 7.873046875000000444e-01 9.033203125000000000e-01
3.696484374999999822e-01 5.475390624999999512e-01 1.376171875000000155e-01
5.630078124999999822e-01 5.475390624999999512e-01 1.376171875000000155e-01
3.696484374999999822e-01 2.923046874999999933e-01 1.376171875000000155e-01
3.696484374999999822e-01 5.475390624999999512e-01 4.083203125000000044e-01
5.630078124999999822e-01 2.923046874999999933e-01 4.083203125000000044e-01
4.933984375000000089e-01 1.762890625000000100e-01 2.613671874999999867e-01
6.867578125000000089e-01 1.762890625000000100e-01 2.613671874999999867e-01
4.933984375000000089e-01 4.160546875000000200e-01 2.613671874999999867e-01
4.933984375000000089e-01 1.762890625000000100e-01 3.707031250000000083e-02
6.867578125000000089e-01 4.160546875000000200e-01 3.707031250000000083e-02
9.883984375000000044e-01 6.712890624999999778e-01 7.563671874999999822e-01
1.917578125000000133e-01 6.712890624999999778e-01 7.563671874999999822e-01
9.883984375000000044e-01 9.110546874999999600e-01 7.563671874999999822e-01
9.883984375000000044e-01 6.712890624999999778e-01 5.320703125000000311e-01
1.917578125000000133e-01 9.110546874999999600e-01 5.320703125000000311e-01
7.408984374999999512e-01 4.237890624999999800e-01 1.386718749999999931e-02
9.342578124999999512e-01 4.237890624999999800e-01 1.386718749999999931e-02
7.408984374999999512e-01 6.635546875000000178e-01 1.386718749999999931e-02
7.408984374999999512e-01 4.237890624999999800e-01 7.795703124999999734e-01
9.342578124999999512e-01 6.635546875000000178e-01 7.795703124999999734e-01
2.458984375000000111e-01 9.187890625000000311e-01 5.088671874999999289e-01
4.392578125000000111e-01 9.187890625000000311e-01 5.088671874999999289e-01
2.458984375000000111e-01 1.685546874999999944e-01 5.088671874999999289e-01
2.458984375000000111e-01 9.187890625000000311e-01 2.845703125000000333e-01
4.392578125000000111e-01 1.685546874999999944e-01 2.845703125000000333e-01
1.840234374999999978e-01 1.144140624999999967e-01 7.574218749999998834e-02
2.536328124999999711e-01 1.144140624999999967e-01 7.574218749999998834e-02
1.840234374999999978e-01 6.016796875000000044e-01 7.574218749999998834e-02
1.840234374999999978e-01 1.144140624999999967e-01 4.701953125000000178e-01
2.536328124999999711e-01 6.016796875000000044e-01 4.701953125000000178e-01
6.790234375000000488e-01 6.094140624999999645e-01 5.707421875000000533e-01
7.486328125000000222e-01 6.094140624999999645e-01 5.707421875000000533e-01
6.790234375000000488e-01 1.066796874999999950e-01 5.707421875000000533e-01
6.790234375000000488e-01 6.094140624999999645e-01 9.651953125000000133e-01
7.486328125000000222e-01 1.066796874999999950e-01 9.651953125000000133e-01
9.265234374999999911e-01 3.619140625000000222e-01 3.232421875000000000e-01
5.011328124999999689e-01 3.619140625000000222e-01 3.232421875000000000e-01
9.265234374999999911e-01 3.541796875000000067e-01 3.232421875000000000e-01
9.265234374999999911e-01 3.619140625000000222e-01 7.176953124999999600e-01
5.011328124999999689e-01 3.541796875000000067e-01 7.176953124999999600e-01
4.315234374999999956e-01 8.569140625000000178e-01 8.182421874999999956e-01
9.961328124999999645e-01 8.569140625000000178e-01 8.182421874999999956e-01
4.315234374999999956e-01 8.491796874999999467e-01 8.182421874999999956e-01
4.315234374999999956e-01 8.569140625000000178e-01 2.226953125000000200e-01
9.961328124999999645e-01 8.491796874999999467e-01 2.226953125000000200e-01
3.077734375000000244e-01 4.856640624999999933e-01 6.944921874999999689e-01
8.723828125000000488e-01 4.856640624999999933e-01 6.944921874999999689e-01
3.077734375000000244e-01 9.729296874999999734e-01 6.944921874999999689e-01
3.077734375000000244e-01 4.856640624999999933e-01 3.464453124999999911e-01
8.723828125000000488e-01 9.729296874999999734e-01 3.464453124999999911e-01
8.027734374999999645e-01 9.806640625000000444e-01 1.994921875000000011e-01
3.773828124999999978e-01 9.806640625000000444e-01 1.994921875000000011e-01
8.027734374999999645e-01 4.779296874999999778e-01 1.994921875000000011e-01
8.027734374999999645e-01 9.806640625000000444e-01 8.414453124999999867e-01
3.773828124999999978e-01 4.779296874999999778e-01 8.414453124999999867e-01
5.552734375000000222e-01 2.381640624999999956e-01 9.419921875000000222e-01
6.248828124999999956e-01 2.381640624999999956e-01 9.419921875000000222e-01
5.552734375000000222e-01 2.304296875000000078e-01 9.419921875000000222e-01
5.552734375000000222e-01 2.381640624999999956e-01 5.939453125000000444e-01
6.248828124999999956e-01 2.304296875000000078e-01 5.939453125000000444e-01
6.027343749999999889e-02 7.331640624999999911e-01 4.469921875000000266e-01
1.298828125000000000e-01 7.331640624999999911e-01 4.469921875000000266e-01
6.027343749999999889e-02 7.254296875000000311e-01 4.469921875000000266e-01
6.027343749999999889e-02 7.331640624999999911e-01 9.894531249999999334e-02
1.298828125000000000e-01 7.254296875000000311e-01 9.894531249999999334e-02
4.480468750000000250e-02 4.701953125000000178e-01 1.840234374999999978e-01
4.237890624999999800e-01 4.701953125000000178e-01 1.840234374999999978e-01
4.480468750000000250e-02 4.005859374999999889e-01 1.840234374999999978e-01
4.480468750000000250e-02 4.701953125000000178e-01 2.072265625000000167e-01
4.237890624999999800e-01 4.005859374999999889e-01 2.072265625000000167e-01
5.398046874999999911e-01 9.651953125000000133e-01 6.790234375000000488e-01
9.187890625000000311e-01 9.651953125000000133e-01 6.790234375000000488e-01
5.398046874999999911e-01 8.955859375000000400e-01 6.790234375000000488e-01
5.398046874999999911e-01 9.651953125000000133e-01 7.022265625000000400e-01
9.187890625000000311e-01 8.955859375000000400e-01 7.022265625000000400e-01
7.873046875000000444e-01 2.226953125000000200e-01 4.315234374999999956e-01
1.762890625000000100e-01 2.226953125000000200e-01 4.315234374999999956e-01
7.873046875000000444e-01 6.480859374999999867e-01 4.315234374999999956e-01
7.873046875000000444e-01 2.226953125000000200e-01 9.497265624999999822e-01
1.762890625000000100e-01 6.480859374999999867e-01 9.497265624999999822e-01
2.923046874999999933e-01 7.176953124999999600e-01 9.265234374999999911e-01
6.712890624999999778e-01 7.176953124999999600e-01 9.265234374999999911e-01
2.923046874999999933e-01 1.530859375000000189e-01 9.265234374999999911e-01
2.923046874999999933e-01 7.176953124999999600e-01 4.547265624999999867e-01
6.712890624999999778e-01 1.530859375000000189e-01 4.547265624999999867e-01
4.160546875000000200e-01 9.894531249999999334e-02 5.552734375000000222e-01
5.475390624999999512e-01 9.894531249999999334e-02 5.552734375000000222e-01
4.160546875000000200e-01 2.933593749999999917e-02 5.552734375000000222e-01
4.160546875000000200e-01 9.894531249999999334e-02 8.347656249999999001e-02
5.475390624999999512e-01 2.933593749999999917e-02 8.347656249999999001e-02
9.110546874999999600e-01 5.939453125000000444e-01 6.027343749999999889e-02
5.253906250000000416e-02 5.939453125000000444e-01 6.027343749999999889e-02
9.110546874999999600e-01 5.243359374999999600e-01 6.027343749999999889e-02
9.110546874999999600e-01 5.939453125000000444e-01 5.784765625000000133e-01
5.253906250000000416e-02 5.243359374999999600e-01 5.784765625000000133e-01
6.635546875000000178e-01 3.464453124999999911e-01 8.027734374999999645e-01
7.950390625000000044e-01 3.464453124999999911e-01 8.027734374999999645e-01
6.635546875000000178e-01 7.718359375000000133e-01 8.027734374999999645e-01
6.635546875000000178e-01 3.464453124999999911e-01 8.259765624999999556e-01
7.950390625000000044e-01 7.718359375000000133e-01 8.259765624999999556e-01
1.685546874999999944e-01 8.414453124999999867e-01 3.077734375000000244e-01
3.000390625000000089e-01 8.414453124999999867e-01 3.077734375000000244e-01
1.685546874999999944e-01 2.768359375000000178e-01 3.077734375000000244e-01
1.685546874999999944e-01 8.414453124999999867e-01 3.309765625000000155e-01
3.000390625000000089e-01 2.768359375000000178e-01 3.309765625000000155e-01
2.304296875000000078e-01 1.608203125000000067e-01 8.646484374999999778e-01
1.144140624999999967e-01 1.608203125000000067e-01 8.646484374999999778e-01
2.304296875000000078e-01 9.574609375000000533e-01 8.646484374999999778e-01
2.304296875000000078e-01 1.608203125000000067e-01 3.928515625000000289e-01
1.144140624999999967e-01 9.574609375000000533e-01 3.928515625000000289e-01
7.254296875000000311e-01 6.558203125000000577e-01 3.696484374999999822e-01
6.094140624999999645e-01 6.558203125000000577e-01 3.696484374999999822e-01
7.254296875000000311e-01 4.624609375000000022e-01 3.696484374999999822e-01
7.254296875000000311e-01 6.558203125000000577e-01 8.878515624999999689e-01
6.094140624999999645e-01 4.624609375000000022e-01 8.878515624999999689e-01
9.729296874999999734e-01 4.083203125000000044e-01 6.171484375000000355e-01
3.619140625000000222e-01 4.083203125000000044e-01 6.171484375000000355e-01
9.729296874999999734e-01 2.149609375000000044e-01 6.171484375000000355e-01
9.729296874999999734e-01 4.083203125000000044e-01 6.403515625000000266e-01
3.619140625000000222e-01 2.149609375000000044e-01 6.403515625000000266e-01
4.779296874999999778e-01 9.033203125000000000e-01 1.221484374999999983e-01
8.569140625000000178e-01 9.033203125000000000e-01 1.221484374999999983e-01
4.779296874999999778e-01 7.099609375000000000e-01 1.221484374999999983e-01
4.779296874999999778e-01 9.033203125000000000e-01 1.453515625000000033e-01
8.569140625000000178e-01 7.099609375000000000e-01 1.453515625000000033e-01
3.541796875000000067e-01 2.845703125000000333e-01 4.933984375000000089e-01
9.806640625000000444e-01 2.845703125000000333e-01 4.933984375000000089e-01
3.541796875000000067e-01 5.862109374999999734e-01 4.933984375000000089e-01
3.541796875000000067e-01 2.845703125000000333e-01 2.691015625000000022e-01
9.806640625000000444e-01 5.862109374999999734e-01 2.691015625000000022e-01
8.491796874999999467e-01 7.795703124999999734e-01 9.883984375000000044e-01
4.856640624999999933e-01 7.795703124999999734e-01 9.883984375000000044e-01
8.491796874999999467e-01 9.121093749999999167e-02 9.883984375000000044e-01
8.491796874999999467e-01 7.795703124999999734e-01 7.641015625000000533e-01
4.856640624999999933e-01 9.121093749999999167e-02 7.641015625000000533e-01
6.016796875000000044e-01 3.707031250000000083e-02 2.458984375000000111e-01
7.331640624999999911e-01 3.707031250000000083e-02 2.458984375000000111e-01
6.016796875000000044e-01 3.387109375000000311e-01 2.458984375000000111e-01
6.016796875000000044e-01 3.707031250000000083e-02 5.166015625000000000e-01
7.331640624999999911e-01 3.387109375000000311e-01 5.166015625000000000e-01
1.066796874999999950e-01 5.320703125000000311e-01 7.408984374999999512e-01
2.381640624999999956e-01 5.320703125000000311e-01 7.408984374999999512e-01
1.066796874999999950e-01 8.337109375000000266e-01 7.408984374999999512e-01
1.066796874999999950e-01 5.320703125000000311e-01 2.160156249999999750e-02
2.381640624999999956e-01 8.337109375000000266e-01 2.160156249999999750e-02
7.574218749999998834e-02 6.800781250000000056e-02 3.387109375000000311e-01
7.641015625000000533e-01 6.800781250000000056e-02 3.387109375000000311e-01
7.574218749999998834e-02 1.840234374999999978e-01 3.387109375000000311e-01
7.574218749999998834e-02 6.800781250000000056e-02 7.950390625000000044e-01
7.641015625000000533e-01 1.840234374999999978e-01 7.950390625000000044e-01
5.707421875000000533e-01 5.630078124999999822e-01 8.337109375000000266e-01
2.691015625000000022e-01 5.630078124999999822e-01 8.337109375000000266e-01
5.707421875000000533e-01 6.790234375000000488e-01 8.337109375000000266e-01
5.707421875000000533e-01 5.630078124999999822e-01 3.000390625000000089e-01
2.691015625000000022e-01 6.790234375000000488e-01 3.000390625000000089e-01
8.182421874999999956e-01 3.155078124999999845e-01 9.121093749999999167e-02
5.166015625000000000e-01 3.155078124999999845e-01 9.121093749999999167e-02
8.182421874999999956e-01 9.265234374999999911e-01 9.121093749999999167e-02
8.182421874999999956e-01 3.155078124999999845e-01 5.253906250000000416e-02
5.166015625000000000e-01 9.265234374999999911e-01 5.253906250000000416e-02
3.232421875000000000e-01 8.105078125000000355e-01 5.862109374999999734e-01
2.160156249999999750e-02 8.105078125000000355e-01 5.862109374999999734e-01
3.232421875000000000e-01 4.315234374999999956e-01 5.862109374999999734e-01
3.232421875000000000e-01 8.105078125000000355e-01 5.475390624999999512e-01
2.160156249999999750e-02 4.315234374999999956e-01 5.475390624999999512e-01
4.469921875000000266e-01 4.392578125000000111e-01 9.574609375000000533e-01
1.453515625000000033e-01 4.392578125000000111e-01 9.574609375000000533e-01
4.469921875000000266e-01 3.077734375000000244e-01 9.574609375000000533e-01
4.469921875000000266e-01 4.392578125000000111e-01 9.187890625000000311e-01
1.453515625000000033e-01 3.077734375000000244e-01 9.187890625000000311e-01
9.419921875000000222e-01 9.342578124999999512e-01 4.624609375000000022e-01
6.403515625000000266e-01 9.342578124999999512e-01 4.624609375000000022e-01
9.419921875000000222e-01 8.027734374999999645e-01 4.624609375000000022e-01
9.419921875000000222e-01 9.342578124999999512e-01 4.237890624999999800e-01
6.403515625000000266e-01 8.027734374999999645e-01 4.237890624999999800e-01
6.944921874999999689e-01 1.917578125000000133e-01 7.099609375000000000e-01
3.928515625000000289e-01 1.917578125000000133e-01 7.099609375000000000e-01
6.944921874999999689e-01 5.552734375000000222e-01 7.099609375000000000e-01
6.944921874999999689e-01 1.917578125000000133e-01 1.762890625000000100e-01
3.928515625000000289e-01 5.552734375000000222e-01 1.762890625000000100e-01
1.994921875000000011e-01 6.867578125000000089e-01 2.149609375000000044e-01
8.878515624999999689e-01 6.867578125000000089e-01 2.149609375000000044e-01
1.994921875000000011e-01 6.027343749999999889e-02 2.149609375000000044e-01
1.994921875000000011e-01 6.867578125000000089e-01 6.712890624999999778e-01
8.878515624999999689e-01 6.027343749999999889e-02 6.712890624999999778e-01
1.376171875000000155e-01 3.773828124999999978e-01 6.480859374999999867e-01
7.022265625000000400e-01 3.773828124999999978e-01 6.480859374999999867e-01
1.376171875000000155e-01 7.408984374999999512e-01 6.480859374999999867e-01
1.376171875000000155e-01 3.773828124999999978e-01 6.094140624999999645e-01
7.022265625000000400e-01 7.408984374999999512e-01 6.094140624999999645e-01
6.326171874999999556e-01 8.723828125000000488e-01 1.530859375000000189e-01
2.072265625000000167e-01 8.723828125000000488e-01 1.530859375000000189e-01
6.326171874999999556e-01 2.458984375000000111e-01 1.530859375000000189e-01
6.326171874999999556e-01 8.723828125000000488e-01 1.144140624999999967e-01
2.072265625000000167e-01 2.458984375000000111e-01 1.144140624999999967e-01
8.801171875000000089e-01 1.298828125000000000e-01 8.955859375000000400e-01
9.497265624999999822e-01 1.298828125000000000e-01 8.955859375000000400e-01
8.801171875000000089e-01 4.933984375000000089e-01 8.955859375000000400e-01
8.801171875000000089e-01 1.298828125000000000e-01 3.619140625000000222e-01
9.497265624999999822e-01 4.933984375000000089e-01 3.619140625000000222e-01
3.851171875000000133e-01 6.248828124999999956e-01 4.005859374999999889e-01
4.547265624999999867e-01 6.248828124999999956e-01 4.005859374999999889e-01
3.851171875000000133e-01 9.883984375000000044e-01 4.005859374999999889e-01
3.851171875000000133e-01 6.248828124999999956e-01 8.569140625000000178e-01
4.547265624999999867e-01 9.883984375000000044e-01 8.569140625000000178e-01
2.613671874999999867e-01 2.536328124999999711e-01 2.933593749999999917e-02
3.309765625000000155e-01 2.536328124999999711e-01 2.933593749999999917e-02
2.613671874999999867e-01 8.646484374999999778e-01 2.933593749999999917e-02
2.613671874999999867e-01 2.536328124999999711e-01 7.331640624999999911e-01
3.309765625000000155e-01 8.646484374999999778e-01 7.331640624999999911e-01
7.563671874999999822e-01 7.486328125000000222e-01 5.243359374999999600e-01
8.259765624999999556e-01 7.486328125000000222e-01 5.243359374999999600e-01
7.563671874999999822e-01 3.696484374999999822e-01 5.243359374999999600e-01
7.563671874999999822e-01 7.486328125000000222e-01 2.381640624999999956e-01
8.259765624999999556e-01 3.696484374999999822e-01 2.381640624999999956e-01
5.088671874999999289e-01 5.011328124999999689e-01 2.768359375000000178e-01
8.347656249999999001e-02 5.011328124999999689e-01 2.768359375000000178e-01
5.088671874999999289e-01 1.221484374999999983e-01 2.768359375000000178e-01
5.088671874999999289e-01 5.011328124999999689e-01 4.856640624999999933e-01
8.347656249999999001e-02 1.221484374999999983e-01 4.856640624999999933e-01
1.386718749999999931e-02 9.961328124999999645e-01 7.718359375000000133e-01
5.784765625000000133e-01 9.961328124999999645e-01 7.718359375000000133e-01
1.386718749999999931e-02 6.171484375000000355e-01 7.718359375000000133e-01
1.386718749999999931e-02 9.961328124999999645e-01 9.806640625000000444e-01
5.784765625000000133e-01 6.171484375000000355e-01 9.806640625000000444e-01
