3.320312500000000000e-02 4.044531250000000244e-01 8.221093750000000311e-01
8.375781249999999512e-01 4.044531250000000244e-01 8.221093750000000311e-01
3.320312500000000000e-02 6.519531250000000222e-01 8.221093750000000311e-01
3.320312500000000000e-02 4.044531250000000244e-01 4.508593750000000067e-01
8.375781249999999512e-01 6.519531250000000222e-01 4.508593750000000067e-01
5.282031249999999956e-01 8.994531249999999645e-01 3.271093749999999800e-01
3.425781250000000111e-01 8.994531249999999645e-01 3.271093749999999800e-01
5.282031249999999956e-01 1.569531249999999989e-01 3.271093749999999800e-01
5.282031249999999956e-01 8.994531249999999645e-01 9.458593749999999467e-01
3.425781250000000111e-01 1.569531249999999989e-01 9.458593749999999467e-01
7.757031250000000488e-01 1.569531249999999989e-01 5.746093749999999778e-01
5.900781250000000089e-01 1.569531249999999989e-01 5.746093749999999778e-01
7.757031250000000488e-01 4.044531250000000244e-01 5.746093749999999778e-01
7.757031250000000488e-01 1.569531249999999989e-01 6.983593750000000044e-01
5.900781250000000089e-01 4.044531250000000244e-01 6.983593750000000044e-01
2.807031249999999978e-01 6.519531250000000222e-01 7.960937499999999611e-02
9.507812499999999944e-02 6.519531250000000222e-01 7.960937499999999611e-02
2.807031249999999978e-01 8.994531249999999645e-01 7.960937499999999611e-02
2.807031249999999978e-01 6.519531250000000222e-01 2.033593750000000089e-01
9.507812499999999944e-02 8.994531249999999645e-01 2.033593750000000089e-01
4.044531250000000244e-01 3.320312500000000000e-02 4.508593750000000067e-01
2.188281250000000122e-01 3.320312500000000000e-02 4.508593750000000067e-01
4.044531250000000244e-01 7.757031250000000488e-01 4.508593750000000067e-01
4.044531250000000244e-01 3.320312500000000000e-02 3.271093749999999800e-01
2.188281250000000122e-01 7.757031250000000488e-01 3.271093749999999800e-01
8.994531249999999645e-01 5.282031249999999956e-01 9.458593749999999467e-01
7.138281250000000355e-01 5.282031249999999956e-01 9.458593749999999467e-01
8.994531249999999645e-01 2.807031249999999978e-01 9.458593749999999467e-01
8.994531249999999645e-01 5.282031249999999956e-01 8.221093750000000311e-01
7.138281250000000355e-01 2.807031249999999978e-01 8.221093750000000311e-01
6.519531250000000222e-01 2.807031249999999978e-01 2.033593750000000089e-01
4.663281249999999822e-01 2.807031249999999978e-01 2.033593750000000089e-01
6.519531250000000222e-01 3.320312500000000000e-02 2.033593750000000089e-01
6.519531250000000222e-01 2.807031249999999978e-01 5.746093749999999778e-01
4.663281249999999822e-01 3.320312500000000000e-02 5.746093749999999778e-01
1.569531249999999989e-01 7.757031250000000488e-01 6.983593750000000044e-01
9.613281249999999778e-01 7.757031250000000488e-01 6.983593750000000044e-01
1.569531249999999989e-01 5.282031249999999956e-01 6.983593750000000044e-01
1.569531249999999989e-01 7.757031250000000488e-01 7.960937499999999611e-02
9.613281249999999778e-01 5.282031249999999956e-01 7.960937499999999611e-02
2.188281250000000122e-01 2.188281250000000122e-01 1.414843749999999956e-01
6.519531250000000222e-01 2.188281250000000122e-01 1.414843749999999956e-01
2.188281250000000122e-01 2.188281250000000122e-01 1.414843749999999956e-01
2.188281250000000122e-01 2.188281250000000122e-01 1.414843749999999956e-01
6.519531250000000222e-01 2.188281250000000122e-01 1.414843749999999956e-01
7.138281250000000355e-01 7.138281250000000355e-01 6.364843749999999911e-01
1.569531249999999989e-01 7.138281250000000355e-01 6.364843749999999911e-01
7.138281250000000355e-01 7.138281250000000355e-01 6.364843749999999911e-01
7.138281250000000355e-01 7.138281250000000355e-01 6.364843749999999911e-01
1.569531249999999989e-01 7.138281250000000355e-01 6.364843749999999911e-01
9.613281249999999778e-01 4.663281249999999822e-01 3.889843749999999933e-01
8.994531249999999645e-01 4.663281249999999822e-01 3.889843749999999933e-01
9.613281249999999778e-01 9.613281249999999778e-01 3.889843749999999933e-01
9.613281249999999778e-01 4.663281249999999822e-01 8.839843750000000444e-01
8.994531249999999645e-01 9.613281249999999778e-01 8.839843750000000444e-01
4.663281249999999822e-01 9.613281249999999778e-01 8.839843750000000444e-01
4.044531250000000244e-01 9.613281249999999778e-01 8.839843750000000444e-01
4.663281249999999822e-01 4.663281249999999822e-01 8.839843750000000444e-01
4.663281249999999822e-01 9.613281249999999778e-01 3.889843749999999933e-01
4.044531250000000244e-01 4.663281249999999822e-01 3.889843749999999933e-01
3.425781250000000111e-01 3.425781250000000111e-01 5.127343749999999645e-01
2.807031249999999978e-01 3.425781250000000111e-01 5.127343749999999645e-01
3.425781250000000111e-01 3.425781250000000111e-01 5.127343749999999645e-01
3.425781250000000111e-01 3.425781250000000111e-01 1.773437500000000014e-02
2.807031249999999978e-01 3.425781250000000111e-01 1.773437500000000014e-02
8.375781249999999512e-01 8.375781249999999512e-01 1.773437500000000014e-02
7.757031250000000488e-01 8.375781249999999512e-01 1.773437500000000014e-02
8.375781249999999512e-01 8.375781249999999512e-01 1.773437500000000014e-02
8.375781249999999512e-01 8.375781249999999512e-01 5.127343749999999645e-01
7.757031250000000488e-01 8.375781249999999512e-01 5.127343749999999645e-01
5.900781250000000089e-01 9.507812499999999944e-02 7.602343750000000178e-01
3.320312500000000000e-02 9.507812499999999944e-02 7.602343750000000178e-01
5.900781250000000089e-01 5.900781250000000089e-01 7.602343750000000178e-01
5.900781250000000089e-01 9.507812499999999944e-02 7.602343750000000178e-01
3.320312500000000000e-02 5.900781250000000089e-01 7.602343750000000178e-01
9.507812499999999944e-02 5.900781250000000089e-01 2.652343750000000222e-01
5.282031249999999956e-01 5.900781250000000089e-01 2.652343750000000222e-01
9.507812499999999944e-02 9.507812499999999944e-02 2.652343750000000222e-01
9.507812499999999944e-02 5.900781250000000089e-01 2.652343750000000222e-01
5.282031249999999956e-01 9.507812499999999944e-02 2.652343750000000222e-01
1.260156249999999922e-01 1.260156249999999922e-01 6.674218750000000533e-01
4.972656249999999889e-01 1.260156249999999922e-01 6.674218750000000533e-01
1.260156249999999922e-01 9.303906250000000266e-01 6.674218750000000533e-01
1.260156249999999922e-01 1.260156249999999922e-01 5.436718750000000266e-01
4.972656249999999889e-01 9.303906250000000266e-01 5.436718750000000266e-01
6.210156249999999600e-01 6.210156249999999600e-01 1.724218750000000022e-01
9.922656250000000400e-01 6.210156249999999600e-01 1.724218750000000022e-01
6.210156249999999600e-01 4.353906250000000311e-01 1.724218750000000022e-01
6.210156249999999600e-01 6.210156249999999600e-01 4.867187500000000333e-02
9.922656250000000400e-01 4.353906250000000311e-01 4.867187500000000333e-02
8.685156250000000133e-01 3.735156250000000178e-01 9.149218749999999956e-01
2.497656250000000189e-01 3.735156250000000178e-01 9.149218749999999956e-01
8.685156250000000133e-01 1.878906250000000056e-01 9.149218749999999956e-01
8.685156250000000133e-01 3.735156250000000178e-01 2.961718750000000289e-01
2.497656250000000189e-01 1.878906250000000056e-01 2.961718750000000289e-01
3.735156250000000178e-01 8.685156250000000133e-01 4.199218750000000000e-01
7.447656249999999867e-01 8.685156250000000133e-01 4.199218750000000000e-01
3.735156250000000178e-01 6.828906249999999734e-01 4.199218750000000000e-01
3.735156250000000178e-01 8.685156250000000133e-01 7.911718749999999689e-01
7.447656249999999867e-01 6.828906249999999734e-01 7.911718749999999689e-01
4.972656249999999889e-01 4.972656249999999889e-01 4.867187500000000333e-02
6.210156249999999600e-01 4.972656249999999889e-01 4.867187500000000333e-02
4.972656249999999889e-01 5.591406250000000577e-01 4.867187500000000333e-02
4.972656249999999889e-01 4.972656249999999889e-01 6.674218750000000533e-01
6.210156249999999600e-01 5.591406250000000577e-01 6.674218750000000533e-01
9.922656250000000400e-01 9.922656250000000400e-01 5.436718750000000266e-01
1.260156249999999922e-01 9.922656250000000400e-01 5.436718750000000266e-01
9.922656250000000400e-01 6.414062499999999278e-02 5.436718750000000266e-01
9.922656250000000400e-01 9.922656250000000400e-01 1.724218750000000022e-01
1.260156249999999922e-01 6.414062499999999278e-02 1.724218750000000022e-01
7.447656249999999867e-01 2.497656250000000189e-01 2.961718750000000289e-01
8.685156250000000133e-01 2.497656250000000189e-01 2.961718750000000289e-01
7.447656249999999867e-01 3.116406250000000044e-01 2.961718750000000289e-01
7.447656249999999867e-01 2.497656250000000189e-01 4.199218750000000000e-01
8.685156250000000133e-01 3.116406250000000044e-01 4.199218750000000000e-01
2.497656250000000189e-01 7.447656249999999867e-01 7.911718749999999689e-01
3.735156250000000178e-01 7.447656249999999867e-01 7.911718749999999689e-01
2.497656250000000189e-01 8.066406250000000000e-01 7.911718749999999689e-01
2.497656250000000189e-01 7.447656249999999867e-01 9.149218749999999956e-01
3.735156250000000178e-01 8.066406250000000000e-01 9.149218749999999956e-01
1.878906250000000056e-01 3.116406250000000044e-01 3.580468749999999867e-01
6.414062499999999278e-02 3.116406250000000044e-01 3.580468749999999867e-01
1.878906250000000056e-01 4.972656249999999889e-01 3.580468749999999867e-01
1.878906250000000056e-01 3.116406250000000044e-01 8.530468749999999822e-01
6.414062499999999278e-02 4.972656249999999889e-01 8.530468749999999822e-01
6.828906249999999734e-01 8.066406250000000000e-01 8.530468749999999822e-01
5.591406250000000577e-01 8.066406250000000000e-01 8.530468749999999822e-01
6.828906249999999734e-01 9.922656250000000400e-01 8.530468749999999822e-01
6.828906249999999734e-01 8.066406250000000000e-01 3.580468749999999867e-01
5.591406250000000577e-01 9.922656250000000400e-01 3.580468749999999867e-01
9.303906250000000266e-01 6.414062499999999278e-02 1.105468749999999889e-01
3.116406250000000044e-01 6.414062499999999278e-02 1.105468749999999889e-01
9.303906250000000266e-01 7.447656249999999867e-01 1.105468749999999889e-01
9.303906250000000266e-01 6.414062499999999278e-02 1.105468749999999889e-01
3.116406250000000044e-01 7.447656249999999867e-01 1.105468749999999889e-01
4.353906250000000311e-01 5.591406250000000577e-01 6.055468750000000400e-01
8.066406250000000000e-01 5.591406250000000577e-01 6.055468750000000400e-01
4.353906250000000311e-01 2.497656250000000189e-01 6.055468750000000400e-01
4.353906250000000311e-01 5.591406250000000577e-01 6.055468750000000400e-01
8.066406250000000000e-01 2.497656250000000189e-01 6.055468750000000400e-01
3.116406250000000044e-01 1.878906250000000056e-01 9.767968750000000089e-01
9.303906250000000266e-01 1.878906250000000056e-01 9.767968750000000089e-01
3.116406250000000044e-01 1.260156249999999922e-01 9.767968750000000089e-01
3.116406250000000044e-01 1.878906250000000056e-01 9.767968750000000089e-01
9.303906250000000266e-01 1.260156249999999922e-01 9.767968750000000089e-01
8.066406250000000000e-01 6.828906249999999734e-01 4.817968750000000133e-01
4.353906250000000311e-01 6.828906249999999734e-01 4.817968750000000133e-01
8.066406250000000000e-01 6.210156249999999600e-01 4.817968750000000133e-01
8.066406250000000000e-01 6.828906249999999734e-01 4.817968750000000133e-01
4.353906250000000311e-01 6.210156249999999600e-01 4.817968750000000133e-01
5.591406250000000577e-01 4.353906250000000311e-01 7.292968749999999556e-01
6.828906249999999734e-01 4.353906250000000311e-01 7.292968749999999556e-01
5.591406250000000577e-01 8.685156250000000133e-01 7.292968749999999556e-01
5.591406250000000577e-01 4.353906250000000311e-01 2.342968750000000155e-01
6.828906249999999734e-01 8.685156250000000133e-01 2.342968750000000155e-01
6.414062499999999278e-02 9.303906250000000266e-01 2.342968750000000155e-01
1.878906250000000056e-01 9.303906250000000266e-01 2.342968750000000155e-01
6.414062499999999278e-02 3.735156250000000178e-01 2.342968750000000155e-01
6.414062499999999278e-02 9.303906250000000266e-01 7.292968749999999556e-01
1.878906250000000056e-01 3.735156250000000178e-01 7.292968749999999556e-01
4.867187500000000333e-02 1.414843749999999956e-01 4.044531250000000244e-01
3.580468749999999867e-01 1.414843749999999956e-01 4.044531250000000244e-01
4.867187500000000333e-02 5.127343749999999645e-01 4.044531250000000244e-01
4.867187500000000333e-02 1.414843749999999956e-01 6.210156249999999600e-01
3.580468749999999867e-01 5.127343749999999645e-01 6.210156249999999600e-01
5.436718750000000266e-01 6.364843749999999911e-01 8.994531249999999645e-01
8.530468749999999822e-01 6.364843749999999911e-01 8.994531249999999645e-01
5.436718750000000266e-01 1.773437500000000014e-02 8.994531249999999645e-01
5.436718750000000266e-01 6.364843749999999911e-01 1.260156249999999922e-01
8.530468749999999822e-01 1.773437500000000014e-02 1.260156249999999922e-01
7.911718749999999689e-01 3.889843749999999933e-01 1.569531249999999989e-01
1.105468749999999889e-01 3.889843749999999933e-01 1.569531249999999989e-01
7.911718749999999689e-01 2.652343750000000222e-01 1.569531249999999989e-01
7.911718749999999689e-01 3.889843749999999933e-01 3.735156250000000178e-01
1.105468749999999889e-01 2.652343750000000222e-01 3.735156250000000178e-01
2.961718750000000289e-01 8.839843750000000444e-01 6.519531250000000222e-01
6.055468750000000400e-01 8.839843750000000444e-01 6.519531250000000222e-01
2.961718750000000289e-01 7.602343750000000178e-01 6.519531250000000222e-01
2.961718750000000289e-01 8.839843750000000444e-01 8.685156250000000133e-01
6.055468750000000400e-01 7.602343750000000178e-01 8.685156250000000133e-01
4.199218750000000000e-01 2.652343750000000222e-01 7.757031250000000488e-01
7.292968749999999556e-01 2.652343750000000222e-01 7.757031250000000488e-01
4.199218750000000000e-01 8.839843750000000444e-01 7.757031250000000488e-01
4.199218750000000000e-01 2.652343750000000222e-01 7.447656249999999867e-01
7.292968749999999556e-01 8.839843750000000444e-01 7.447656249999999867e-01
9.149218749999999956e-01 7.602343750000000178e-01 2.807031249999999978e-01
2.342968750000000155e-01 7.602343750000000178e-01 2.807031249999999978e-01
9.149218749999999956e-01 3.889843749999999933e-01 2.807031249999999978e-01
9.149218749999999956e-01 7.602343750000000178e-01 2.497656250000000189e-01
2.342968750000000155e-01 3.889843749999999933e-01 2.497656250000000189e-01
6.674218750000000533e-01 1.773437500000000014e-02 5.282031249999999956e-01
9.767968750000000089e-01 1.773437500000000014e-02 5.282031249999999956e-01
6.674218750000000533e-01 1.414843749999999956e-01 5.282031249999999956e-01
6.674218750000000533e-01 1.773437500000000014e-02 4.972656249999999889e-01
9.767968750000000089e-01 1.414843749999999956e-01 4.972656249999999889e-01
1.724218750000000022e-01 5.127343749999999645e-01 3.320312500000000000e-02
4.817968750000000133e-01 5.127343749999999645e-01 3.320312500000000000e-02
1.724218750000000022e-01 6.364843749999999911e-01 3.320312500000000000e-02
1.724218750000000022e-01 5.127343749999999645e-01 9.922656250000000400e-01
4.817968750000000133e-01 6.364843749999999911e-01 9.922656250000000400e-01
2.342968750000000155e-01 4.508593750000000067e-01 5.900781250000000089e-01
1.724218750000000022e-01 4.508593750000000067e-01 5.900781250000000089e-01
2.342968750000000155e-01 7.960937499999999611e-02 5.900781250000000089e-01
2.342968750000000155e-01 4.508593750000000067e-01 8.066406250000000000e-01
1.724218750000000022e-01 7.960937499999999611e-02 8.066406250000000000e-01
7.292968749999999556e-01 9.458593749999999467e-01 9.507812499999999944e-02
6.674218750000000533e-01 9.458593749999999467e-01 9.507812499999999944e-02
7.292968749999999556e-01 5.746093749999999778e-01 9.507812499999999944e-02
7.292968749999999556e-01 9.458593749999999467e-01 3.116406250000000044e-01
6.674218750000000533e-01 5.746093749999999778e-01 3.116406250000000044e-01
9.767968750000000089e-01 2.033593750000000089e-01 8.375781249999999512e-01
4.199218750000000000e-01 2.033593750000000089e-01 8.375781249999999512e-01
9.767968750000000089e-01 8.221093750000000311e-01 8.375781249999999512e-01
9.767968750000000089e-01 2.033593750000000089e-01 6.414062499999999278e-02
4.199218750000000000e-01 8.221093750000000311e-01 6.414062499999999278e-02
4.817968750000000133e-01 6.983593750000000044e-01 3.425781250000000111e-01
9.149218749999999956e-01 6.983593750000000044e-01 3.425781250000000111e-01
4.817968750000000133e-01 3.271093749999999800e-01 3.425781250000000111e-01
4.817968750000000133e-01 6.983593750000000044e-01 5.591406250000000577e-01
9.149218749999999956e-01 3.271093749999999800e-01 5.591406250000000577e-01
3.580468749999999867e-01 7.960937499999999611e-02 2.188281250000000122e-01
7.911718749999999689e-01 7.960937499999999611e-02 2.188281250000000122e-01
3.580468749999999867e-01 4.508593750000000067e-01 2.188281250000000122e-01
3.580468749999999867e-01 7.960937499999999611e-02 9.303906250000000266e-01
7.911718749999999689e-01 4.508593750000000067e-01 9.303906250000000266e-01
8.530468749999999822e-01 5.746093749999999778e-01 7.138281250000000355e-01
2.961718750000000289e-01 5.746093749999999778e-01 7.138281250000000355e-01
8.530468749999999822e-01 9.458593749999999467e-01 7.138281250000000355e-01
8.530468749999999822e-01 5.746093749999999778e-01 4.353906250000000311e-01
2.961718750000000289e-01 9.458593749999999467e-01 4.353906250000000311e-01
6.055468750000000400e-01 3.271093749999999800e-01 4.663281249999999822e-01
5.436718750000000266e-01 3.271093749999999800e-01 4.663281249999999822e-01
6.055468750000000400e-01 6.983593750000000044e-01 4.663281249999999822e-01
6.055468750000000400e-01 3.271093749999999800e-01 1.878906250000000056e-01
5.436718750000000266e-01 6.983593750000000044e-01 1.878906250000000056e-01
1.105468749999999889e-01 8.221093750000000311e-01 9.613281249999999778e-01
4.867187500000000333e-02 8.221093750000000311e-01 9.613281249999999778e-01
1.105468749999999889e-01 2.033593750000000089e-01 9.613281249999999778e-01
1.105468749999999889e-01 8.221093750000000311e-01 6.828906249999999734e-01
4.867187500000000333e-02 2.033593750000000089e-01 6.828906249999999734e-01
7.960937499999999611e-02 3.580468749999999867e-01 1.260156249999999922e-01
9.458593749999999467e-01 3.580468749999999867e-01 1.260156249999999922e-01
7.960937499999999611e-02 7.911718749999999689e-01 1.260156249999999922e-01
7.960937499999999611e-02 3.580468749999999867e-01 4.044531250000000244e-01
9.458593749999999467e-01 7.911718749999999689e-01 4.044531250000000244e-01
5.746093749999999778e-01 8.530468749999999822e-01 6.210156249999999600e-01
4.508593750000000067e-01 8.530468749999999822e-01 6.210156249999999600e-01
5.746093749999999778e-01 2.961718750000000289e-01 6.210156249999999600e-01
5.746093749999999778e-01 8.530468749999999822e-01 8.994531249999999645e-01
4.508593750000000067e-01 2.961718750000000289e-01 8.994531249999999645e-01
8.221093750000000311e-01 1.105468749999999889e-01 3.735156250000000178e-01
6.983593750000000044e-01 1.105468749999999889e-01 3.735156250000000178e-01
8.221093750000000311e-01 4.867187500000000333e-02 3.735156250000000178e-01
8.221093750000000311e-01 1.105468749999999889e-01 6.519531250000000222e-01
6.983593750000000044e-01 4.867187500000000333e-02 6.519531250000000222e-01
3.271093749999999800e-01 6.055468750000000400e-01 8.685156250000000133e-01
2.033593750000000089e-01 6.055468750000000400e-01 8.685156250000000133e-01
3.271093749999999800e-01 5.436718750000000266e-01 8.685156250000000133e-01
3.271093749999999800e-01 6.055468750000000400e-01 1.569531249999999989e-01
2.033593750000000089e-01 5.436718750000000266e-01 1.569531249999999989e-01
4.508593750000000067e-01 2.342968750000000155e-01 7.447656249999999867e-01
7.960937499999999611e-02 2.342968750000000155e-01 7.447656249999999867e-01
4.508593750000000067e-01 6.674218750000000533e-01 7.447656249999999867e-01
4.508593750000000067e-01 2.342968750000000155e-01 2.807031249999999978e-01
7.960937499999999611e-02 6.674218750000000533e-01 2.807031249999999978e-01
9.458593749999999467e-01 7.292968749999999556e-01 2.497656250000000189e-01
5.746093749999999778e-01 7.292968749999999556e-01 2.497656250000000189e-01
9.458593749999999467e-01 1.724218750000000022e-01 2.497656250000000189e-01
9.458593749999999467e-01 7.292968749999999556e-01 7.757031250000000488e-01
5.746093749999999778e-01 1.724218750000000022e-01 7.757031250000000488e-01
6.983593750000000044e-01 4.817968750000000133e-01 9.922656250000000400e-01
3.271093749999999800e-01 4.817968750000000133e-01 9.922656250000000400e-01
6.983593750000000044e-01 4.199218750000000000e-01 9.922656250000000400e-01
6.983593750000000044e-01 4.817968750000000133e-01 5.282031249999999956e-01
3.271093749999999800e-01 4.199218750000000000e-01 5.282031249999999956e-01
2.033593750000000089e-01 9.767968750000000089e-01 4.972656249999999889e-01
8.221093750000000311e-01 9.767968750000000089e-01 4.972656249999999889e-01
2.033593750000000089e-01 9.149218749999999956e-01 4.972656249999999889e-01
2.033593750000000089e-01 9.767968750000000089e-01 3.320312500000000000e-02
8.221093750000000311e-01 9.149218749999999956e-01 3.320312500000000000e-02
1.414843749999999956e-01 4.867187500000000333e-02 9.303906250000000266e-01
5.127343749999999645e-01 4.867187500000000333e-02 9.303906250000000266e-01
1.414843749999999956e-01 3.580468749999999867e-01 9.303906250000000266e-01
1.414843749999999956e-01 4.867187500000000333e-02 2.188281250000000122e-01
5.127343749999999645e-01 3.580468749999999867e-01 2.188281250000000122e-01
6.364843749999999911e-01 5.436718750000000266e-01 4.353906250000000311e-01
1.773437500000000014e-02 5.436718750000000266e-01 4.353906250000000311e-01
6.364843749999999911e-01 8.530468749999999822e-01 4.353906250000000311e-01
6.364843749999999911e-01 5.436718750000000266e-01 7.138281250000000355e-01
1.773437500000000014e-02 8.530468749999999822e-01 7.138281250000000355e-01
8.839843750000000444e-01 2.961718750000000289e-01 6.828906249999999734e-01
7.602343750000000178e-01 2.961718750000000289e-01 6.828906249999999734e-01
8.839843750000000444e-01 6.055468750000000400e-01 6.828906249999999734e-01
8.839843750000000444e-01 2.961718750000000289e-01 9.613281249999999778e-01
7.602343750000000178e-01 6.055468750000000400e-01 9.613281249999999778e-01
3.889843749999999933e-01 7.911718749999999689e-01 1.878906250000000056e-01
2.652343750000000222e-01 7.911718749999999689e-01 1.878906250000000056e-01
3.889843749999999933e-01 1.105468749999999889e-01 1.878906250000000056e-01
3.889843749999999933e-01 7.911718749999999689e-01 4.663281249999999822e-01
2.652343750000000222e-01 1.105468749999999889e-01 4.663281249999999822e-01
2.652343750000000222e-01 4.199218750000000000e-01 3.116406250000000044e-01
3.889843749999999933e-01 4.199218750000000000e-01 3.116406250000000044e-01
2.652343750000000222e-01 2.342968750000000155e-01 3.116406250000000044e-01
2.652343750000000222e-01 4.199218750000000000e-01 9.507812499999999944e-02
3.889843749999999933e-01 2.342968750000000155e-01 9.507812499999999944e-02
7.602343750000000178e-01 9.149218749999999956e-01 8.066406250000000000e-01
8.839843750000000444e-01 9.149218749999999956e-01 8.066406250000000000e-01
7.602343750000000178e-01 7.292968749999999556e-01 8.066406250000000000e-01
7.602343750000000178e-01 9.149218749999999956e-01 5.900781250000000089e-01
8.839843750000000444e-01 7.292968749999999556e-01 5.900781250000000089e-01
5.127343749999999645e-01 1.724218750000000022e-01 6.414062499999999278e-02
1.414843749999999956e-01 1.724218750000000022e-01 6.414062499999999278e-02
5.127343749999999645e-01 9.767968750000000089e-01 6.414062499999999278e-02
5.127343749999999645e-01 1.724218750000000022e-01 8.375781249999999512e-01
1.414843749999999956e-01 9.767968750000000089e-01 8.375781249999999512e-01
1.773437500000000014e-02 6.674218750000000533e-01 5.591406250000000577e-01
6.364843749999999911e-01 6.674218750000000533e-01 5.591406250000000577e-01
1.773437500000000014e-02 4.817968750000000133e-01 5.591406250000000577e-01
1.773437500000000014e-02 6.674218750000000533e-01 3.425781250000000111e-01
6.364843749999999911e-01 4.817968750000000133e-01 3.425781250000000111e-01
