1.028124999999999872e-01 4.740624999999999978e-01 4.740624999999999978e-01
6.596874999999999822e-01 4.740624999999999978e-01 4.740624999999999978e-01
1.028124999999999872e-01 2.884375000000000133e-01 4.740624999999999978e-01
1.028124999999999872e-01 4.740624999999999978e-01 9.690625000000000488e-01
6.596874999999999822e-01 2.884375000000000133e-01 9.690625000000000488e-01
5.978124999999999689e-01 9.690625000000000488e-01 9.690625000000000488e-01
1.646875000000000144e-01 9.690625000000000488e-01 9.690625000000000488e-01
5.978124999999999689e-01 7.834375000000000089e-01 9.690625000000000488e-01
5.978124999999999689e-01 9.690625000000000488e-01 4.740624999999999978e-01
1.646875000000000144e-01 7.834375000000000089e-01 4.740624999999999978e-01
8.453125000000000222e-01 2.265625000000000000e-01 2.265625000000000000e-01
9.071875000000000355e-01 2.265625000000000000e-01 2.265625000000000000e-01
8.453125000000000222e-01 5.359374999999999556e-01 2.265625000000000000e-01
8.453125000000000222e-01 2.265625000000000000e-01 2.265625000000000000e-01
9.071875000000000355e-01 5.359374999999999556e-01 2.265625000000000000e-01
3.503125000000000266e-01 7.215624999999999956e-01 7.215624999999999956e-01
4.121874999999999845e-01 7.215624999999999956e-01 7.215624999999999956e-01
3.503125000000000266e-01 4.093750000000000167e-02 7.215624999999999956e-01
3.503125000000000266e-01 7.215624999999999956e-01 7.215624999999999956e-01
4.121874999999999845e-01 4.093750000000000167e-02 7.215624999999999956e-01
4.740624999999999978e-01 1.028124999999999872e-01 8.453125000000000222e-01
2.884375000000000133e-01 1.028124999999999872e-01 8.453125000000000222e-01
4.740624999999999978e-01 1.646875000000000144e-01 8.453125000000000222e-01
4.740624999999999978e-01 1.028124999999999872e-01 8.453125000000000222e-01
2.884375000000000133e-01 1.646875000000000144e-01 8.453125000000000222e-01
9.690625000000000488e-01 5.978124999999999689e-01 3.503125000000000266e-01
7.834375000000000089e-01 5.978124999999999689e-01 3.503125000000000266e-01
9.690625000000000488e-01 6.596874999999999822e-01 3.503125000000000266e-01
9.690625000000000488e-01 5.978124999999999689e-01 3.503125000000000266e-01
7.834375000000000089e-01 6.596874999999999822e-01 3.503125000000000266e-01
7.215624999999999956e-01 3.503125000000000266e-01 5.978124999999999689e-01
4.093750000000000167e-02 3.503125000000000266e-01 5.978124999999999689e-01
7.215624999999999956e-01 9.071875000000000355e-01 5.978124999999999689e-01
7.215624999999999956e-01 3.503125000000000266e-01 1.028124999999999872e-01
4.093750000000000167e-02 9.071875000000000355e-01 1.028124999999999872e-01
2.265625000000000000e-01 8.453125000000000222e-01 1.028124999999999872e-01
5.359374999999999556e-01 8.453125000000000222e-01 1.028124999999999872e-01
2.265625000000000000e-01 4.121874999999999845e-01 1.028124999999999872e-01
2.265625000000000000e-01 8.453125000000000222e-01 5.978124999999999689e-01
5.359374999999999556e-01 4.121874999999999845e-01 5.978124999999999689e-01
1.646875000000000144e-01 1.646875000000000144e-01 5.359374999999999556e-01
8.453125000000000222e-01 1.646875000000000144e-01 5.359374999999999556e-01
1.646875000000000144e-01 8.453125000000000222e-01 5.359374999999999556e-01
1.646875000000000144e-01 1.646875000000000144e-01 6.596874999999999822e-01
8.453125000000000222e-01 8.453125000000000222e-01 6.596874999999999822e-01
6.596874999999999822e-01 6.596874999999999822e-01 4.093750000000000167e-02
3.503125000000000266e-01 6.596874999999999822e-01 4.093750000000000167e-02
6.596874999999999822e-01 3.503125000000000266e-01 4.093750000000000167e-02
6.596874999999999822e-01 6.596874999999999822e-01 1.646875000000000144e-01
3.503125000000000266e-01 3.503125000000000266e-01 1.646875000000000144e-01
9.071875000000000355e-01 4.121874999999999845e-01 7.834375000000000089e-01
5.978124999999999689e-01 4.121874999999999845e-01 7.834375000000000089e-01
9.071875000000000355e-01 1.028124999999999872e-01 7.834375000000000089e-01
9.071875000000000355e-01 4.121874999999999845e-01 4.121874999999999845e-01
5.978124999999999689e-01 1.028124999999999872e-01 4.121874999999999845e-01
4.121874999999999845e-01 9.071875000000000355e-01 2.884375000000000133e-01
1.028124999999999872e-01 9.071875000000000355e-01 2.884375000000000133e-01
4.121874999999999845e-01 5.978124999999999689e-01 2.884375000000000133e-01
4.121874999999999845e-01 9.071875000000000355e-01 9.071875000000000355e-01
1.028124999999999872e-01 5.978124999999999689e-01 9.071875000000000355e-01
2.884375000000000133e-01 2.884375000000000133e-01 1.646875000000000144e-01
2.265625000000000000e-01 2.884375000000000133e-01 1.646875000000000144e-01
2.884375000000000133e-01 7.215624999999999956e-01 1.646875000000000144e-01
2.884375000000000133e-01 2.884375000000000133e-01 5.359374999999999556e-01
2.265625000000000000e-01 7.215624999999999956e-01 5.359374999999999556e-01
7.834375000000000089e-01 7.834375000000000089e-01 6.596874999999999822e-01
7.215624999999999956e-01 7.834375000000000089e-01 6.596874999999999822e-01
7.834375000000000089e-01 2.265625000000000000e-01 6.596874999999999822e-01
7.834375000000000089e-01 7.834375000000000089e-01 4.093750000000000167e-02
7.215624999999999956e-01 2.265625000000000000e-01 4.093750000000000167e-02
5.359374999999999556e-01 4.093750000000000167e-02 4.121874999999999845e-01
4.740624999999999978e-01 4.093750000000000167e-02 4.121874999999999845e-01
5.359374999999999556e-01 4.740624999999999978e-01 4.121874999999999845e-01
5.359374999999999556e-01 4.093750000000000167e-02 2.884375000000000133e-01
4.740624999999999978e-01 4.740624999999999978e-01 2.884375000000000133e-01
4.093750000000000167e-02 5.359374999999999556e-01 9.071875000000000355e-01
9.690625000000000488e-01 5.359374999999999556e-01 9.071875000000000355e-01
4.093750000000000167e-02 9.690625000000000488e-01 9.071875000000000355e-01
4.093750000000000167e-02 5.359374999999999556e-01 7.834375000000000089e-01
9.690625000000000488e-01 9.690625000000000488e-01 7.834375000000000089e-01
